 

 

sat-hrogistvr.

— litterarum apost.
III 1731.
IV 231. 618.
- registrum supplicacionum
ΙΙ 647.
III 16.
Reichsvikariat IV 435. 485-489.
religiosi, regulares
II 384. 404. 410. 4191. 423. 428.
4561. 469. 479. 492. 502. 504.
520. 556. 584. 587. 591. 624.
6391. 6601. 6701. 6751. 695. 7591.
111 371. Ι
IV 5691. 572. 576. 724.
- mendicantes
II 51. 110. 115. 134. 287. 381. 381.
433. 477. 479. 4901. 503. 570—
573. 591. 636. 671. 682. 6891.
692. 695-699.
ΙΙΙ 7. 47. 51. 62. 76. 79. 246. 322.
574.
- tercia regula IV 67711.
— monasteria (claustra)
11419. 439. 502. 618. 621. 638.
653. 674. 676. 679. 765.
- capitula generalia III 591.
— provincialia III 591. 664.
— synodi religiosorum III 5701.
rescribendarii IV 802.
reservaciones
ΙΙ160-162, 327. 485. 558. 6231.
6371. 643. 649. 674.

III 10. 1511.
IV 566. 5731. 5881. 595. 629. 767.
780. 788. 821. ’
residencia

II 591. 6311. 639. 667. 685. 7071.
IV 569.
ritus diversi II 583.
rota
11 6511.
111 171. 21. 174.
IV 319. 3221. 349. 499. 550. 805.
rotuli II 194.

sacerdocium S·
11 194. 387. 6921. 7591.

1021

111 314. 466.
scisma
11 143. 163. 175. 197. 247. 251268.
352. 354. 371. 379. 383. 397402.
4061. 409. 413. 418. 420. 4241.
455. 463. 465. 470. 472-474,
480. 482. 4841. 487. 490. 492.
499. 507-509, 519. 522. 549.
555. 570. 580—582. 587. 594.
5961. 601. 606-615. 624. 630.
634. 654. 657. 662. 708. 7401.
111 383. 386. 461. 478. 480.
scriptores
II 585. 645.
III 77. 3611.
IV 231. 562. 6181. 802.

- scriptores bullarum IV 785. 821.
— — penitentiarie IV 785. 821.

scrutinium III 100. 1341. 262.
secretarii
11 581.
ΙΙΙ 123. 1721.
IV 231. 785—788. 799. 854.
— secretarii maiores 111 18. 175.
— - ambassiatorum II 334.
secte ΙΙ 583. 59211.
servicia ΙΙ 456. 659. 674.
sermones
II 195. 367—545. 434. 438.
III 417.
signatura
II 465. 756.
III 177. 183. 340.
signetum concilii 11 756. 758. 770.
— piscatoris II 2451.
simonia
ΙΙ 118. 239. 245. 247. 252. 327—329.
331 1. 378. 380. 387. 416. 425. 432.
4421. 450. 452. 4541. 460. 4631.
4661. 469. 484. 4881. 498. 505.
524. 528. 557. 584. 589. 5921.
595—597. 599. 601-603. 627-
629. 6551. 664. 669. 673. 677.
712. 7591.
111 11. 123. 328.
IV 563.
sollicitatores causarum 111 77.

