(550 VI. ΑΙ1861111111. Navhtrag zu Band 1-1v.

,111168 venia (1113 1111113 1113116113, 61111131113ᾱ3 (16 (11311 (16 grana,
801116 13 (11131 venia 1111 11611 ((0116 161111611, 611 10 (11131 613 10 83151131,
(“(11·8 (16 ,168111111181 e sobre 10 rofre 11113 61611, 6 (1313111 13 (1113
1111113, 111666111611 6011168 (16 1111163 blava 6 111(11·3(13 311 bande& 1101·-
13118 611101118 61166868. Ε 311168 XXIIII 1101116118 (16 116, 611113(13118, 6
311168 (16 13 6111131, 1101131118 sengles siris 1113116118, 1110808. 61186808,
311 86111318 (16 13. 6111131. 611 168 1113118.

,111168 16111611 108 VI 631(1611318, (161 (111318 613 10 111111161· 11108-
8611101· (16 Montarago, 311 83 1111163 (lavant 61110111. Apros 11108-
senyor de Tolosa.¹ 611 13 dita 1011113. ,3111168 111088611101 (16 Aug,
en 13 (1113 111311613. 611 311168 111088611 (16 86111 Angel, 611 13 (1113
1011113. 6 venia mossenyol· (16 011138 6 111088611101 (16 Cam-lello
1101· 31131· ab lul· gent tota 31 (lavant. en 61110111 *mig 11311118 611
11611 orde.

Apres venien 3 11611 10 8611)*(11 111368116 (16 1110111683, 1110118
11310118 nobles 631311618, 86113618, gentils 1101116118, 6131311338 6 311168
1101311168 1161801168, 3116318 111011 1161131116111, (lavant nostre Sant Pare.

Apres venia nostre 83111, 11316. cavalgant- 611 11113 1111113 blancha
311 mantes verlnelles (16 grana 11118 3 16113, vestit (16 11113 63113
111111131 1611116113 111011 116113. 1131· 1116, (1116 108 (1131)(16 zeytoni 111011
11611. 601101· (16 grana, e al 6311 11113 1111113 1113116113, senyant 601111-
111131116111. 6 (1681131611 108 60111038 (16 13 (1113 1111113 108 8111(11611,
861113. 1118116168, 6011861618 6 311168 officials de 13 6111131; (1311111111
1108116 83111 11316 venia 1111 11311 16111161 111011 11611, ab 3111168 (161
(111 83111 11316, 10 (11131 1101131611 10 governador. 11316. 108 ,1111318 6
311168 nobles 6 63131618 3, peu.

Detras 13111081 161113 10 63111311611611. (,·0 68 (1011 11018 (16 Ρ1·3-
(168, 1118116 (16 Μ311016113, cau-algam un bell 631311, ab un gros
basto 611 13 1113.

,111168 16111611 (1(18 611111611131·18 (16 1108116 83111 11316. ab 6311610118
1011318, (16 1318 1681118.

Α111·68 venien 1110118 11181168.

,111168 venia 1313101361. (,·(1 68 111088611101·Αι1(11611 Bel-tan, 1311-
111111 (lines 111116 611 111(16.

lxm-es venien axi mateix 111(1118 11181168 6 1110118 31111318, 6 311168
1110118 601111131110118 (16 631168 6 6311613118 3 111011 1613168, 3 pus (16
vent. κζ 311168 111(1118 (11116168 (16 6011 311 6311610118 1011318, etc„
81611 111118.

,1111168111 1111188680 3113 11118 3 13 111383 (16 86111 3611011163, 6
oux gira 1161 10 631161· (1618 6111311618 y 1611 13 6613113 (16 13 111088680

