928 Register.

689 691. 694. 097ἶ 700. 706. 1093.1095 f.1097ff.1106.1109ff.
713. 716. 71811 7·- 730. 731. 1114. 1130. 1132. 1135. 1140.
734. 7271 1“ 740 743. 46ἡ 748. 1175 f.
753. 5.) 757. 759. 790 763 f. HV 51. 56—101.
ῑςς77 ¹ 770 Constanciense conc. litt. convocationis
ΙΙΙ 44. 112. 115. 138, 139. 140. ΙΙ 16. 57. 63. 68. 84. 85..240. 275.
um. 211. 22⁴3. 240. 243. ⁶246. 2781·.304.307. 308. 310. 316. 320.
248. 252. 255. 257. 262. 264. 321. 333 f. 337. 341.
208. 271. 274. 275. 277. 278. 111 64. 195. 316. 320. 387—389. 398 f.
280. 281. 285. 290. 292. 297. 400. 472. 551 f. 559. 571. 577.
301. 322. 325. 327. 343. 344. IV 13. 19 f. 41 f. 45. 49. 53. 844.
352. 354. 355. 369. 385. 389. H 775-779. 806.
392. 396, 399. 401. 411. 418. — autorisacio concilii III 2-79. 339.
421. 430. 452. 454. 461. 462. 342. 345.
471. 472. 476. 481. 482. 483. —— Konzilsverfassung
490. 498. 507. 532. 530. 537. 11 45. 65. 71 f. 91. 155 f. 257. 358.
541. 542. 548. 551. 558. 561. 360. 407. 418. 742— 758. 766ff.
569. 573. 574. 577. 580. 581. ΙΙΙ 70. 95. 101ff. 131. 149. 219.
582. 583. 584. 588. 600. 601. 221. 269. 309. 321. 344. 491 f.
603. 606. 612. 6³1. 629. 662. 505. 538. 579. 745.
IV 10. 13. 14. 15. 22. 35. 40. 49. IV 92.
50. 67. 69. 71. 72. 74. 78. H 101. 888.
90. 100. 109. 132. 180.v 181. HV 56—101.
182. 186. 190 f. 205. 206. 233. — Konzilsbeamte H 19.
255. 263. 277. 284. 325. 330. — bullatores 11756.
331. 439. 452. 459. 462. 472. — cantores et capellani H 369.
474. 494. 515 f. 524. 527 f. 529. - cursor 111 12.
531. 535. 655. 772. 766. — grossator II 755.
Η 13. 72. 74. 98. 205. 415. 439 ff. — iudex II 94. 118.
495. 554. 609. 610. 611. 683. — notarii
687. 690. 692. 697. 705. 708- 1190. 95. 101. 222. 363. 369. 580.
712. 714. 715. 716. 717. 718. 744. 746—748.
720. 722. 723. 724. 726. 727. ΙΙΙ 55. 168. 250 (prothonotarius)
730. 731. 732. 733. 734. 736. H 47. 152 (protonotarius).
738 739. 740. 743. 744. 746. —procurator
748s. 753f. 757. 759. 764. 768 f. ΙΙ 35. 39. 101 f.
77Ι ›. 7777 78077 782f. 7'84. 788. 111 100. 104. 105. 348.
790. 792. 800. 802 f. 805. 815. IV 262.
819. 823 ff. 829. 845. 848 f. 852. ἡ promotor
8541. 861 s. 865. 867 ff. 879. II 130. 155. 293. 322. 363 f. 665.
883. 884, 885. 893. 897—899. ΙΙΙ 55. 59. 157.
902. 907. 912. 916. 920. 922. IV 308.
925. 932 f. 938. 941 f. 945. 949, s. Piro, Scribanis.
959 ff. 965 ff. 969. 974. 982. — registrator ll 756.
984, 985 s. 989. 998. 1001. 1006. — sessionarias H 172
1009. 1011. 101217. 1019. 1027. — deputati concilii et nationum
103017. 1037. 1039 f. 1049. 1058. II 53. 67. 98. 103. 134f. 149. 189.

1000. 1061, 1065. 1069. 1079. 205. 361. 218. 743. 745-754, 767. ,Ἰ

 

