926

591. 597. 611. 717. 734, 742. 747.

7681. 782. 788. 793. 802. 826.
903. 985. 1012. 1014. 1016. 11961.
1333. 1360. 1472. 1498.
Fondmnivnsis vpiscopus. Roman-dus,
(nundum Η Υ 93,
(Ὶιιιιίιιίιιιι-ιῆιω (Eam-ivl rard. presb. s.
(¹1v1nvntis. ,Senensis-
ΙΙΙ 334.
lv 117.
Η 534. 547. 590. 609. 612. 617. 630.
742. 749. 755. 762. 764. 789. 791.

799. 822 f. 853. 861. 884. 951.
1093. 1105.

959. 985. 997. 1027.
1192. 1195. 1317. 1334. 1354.
1362. 1366. 1433. 1450. 1457.
1463. 1542. 1546. 1549. 1560.
Funradi salsch fiir Guiardi H 846.
(fonradini s. corrodini.
l'onradus s. Susato.
(hm-udus comes (Graf Konrad von
Nvllvuburg) IV 441. 462 1'.
‹bnseanvnsis aep.,Me1lus‚(¹onza H 881.

('0ns‹›1·a1wnsis ep. (Guilelmus), Con-

sorans H 597.
—- capitulum H 597.
ψ diocesis Η 1005.
muso! johannes, not-arius et secre-
tarius domini s. Eustachii (Kard.
Alf. de Uarillo) 111 588.
vonstancia, Konstanz
ΙΙ 15. 16. 26. 27. 29. 31. 34. 42. 43. 63.
93. 140. 142. 154. 164183. 188. 190.
196. 199. 210. 211. 214. 217. 224.
226. 231. 233. 234. 235. 237. 238.
240. 255. 257. 258. 263. 265. 292.
303. 304. 316. 349. 359. 361. 766.
ΙΙΙ 140. 144. 147.149.195. 196. 197.
198. 201. 202. 203. 213. 219. 228.
229. 230. 242. 244. 245. 247. 248 f.
251. 252. 254. 258. 259. 262. 263.
268. 269. 270. 271. 274. 275. 280.
295. 302. 319. 326. 327. 331. 333.
340. 353. 380, 384. 431. 432. 433.
435. 453. 454. 468. 470. 472. 498.
511. 515. 520. 522. 523. 527. 533.
578. 579. 592. 594. 598. 601. 608.
613, 617. 632. 640. 642. 663. 671.

R egister.

IV 1. 8. 10. 14. 20. 37. 42. 51. 54.
68. 69. 71. 72. 78. 81. 105. 110.
111. 114. 115. 132. 134. 177. 180.
186. 195. 199. 203. 226. 227. 259.
324. 342. 343. 438. 442. 450. 471.
472. 485. 501. 509. 521. 525. 527.
530. 654. 669. 720. 734. 735. 764.
769. 782 f. 790. 792. 824. 848. =

H 17. 18. 51. 53. 94. 98. 100. 101.
102. 122. 127.130.132.144. 145.
205. 244. 567ff. 611. 625. 684.
685. 698. 703. 727. 760. 775. 777.
804. 805. 806. 807. 808. 810. 813.
821.838. 843f. 857f. 859. 879.

882 889 890. 894f 907. 914. ’

916. 929. 931. 932. 984. 999. 1002.

1006.1007.1010f.1017.1020. ,

1026. 1032.1043.1044. 1046.
1047. 1051. 1052. 1054 f. 1060.
1062.1065.1066.1070.1072f.
10961098811101.11121119.
1120.1124.1126-1130.11321’. ,
1140. 1176. 1563.
Constanciensis diocesis
11 365. ²
III 254. 270. 272. 465.
H 90. 901. 567 ff. 1017.
Konstanz als Konzilsort
(Verlegung des Konzils)

Il 15. 54. 96. 123. 221. 224. 227. “

349. 353. 409. 516.
ΙΙΙ 35. 134f. 267. 321. 381 f. 391.
393. 397 f. 530. 542. 591. 593.
597.
IV 813.
H 8. 108 f. 117.
— porte civitat.iS‚ Tore “
11 23. 183. 218. 223. 238. 361.
ΙΙΙ 133. 264. 265.
H 157. 175 (Rumpertor). Ι
— domus, Hauser
III 428.
IV 43 260.
Η 1019—1026 (locaoio domorum). ⁴

-- palacium apostolicum = episcopale -
11 23. 119. 122. 134. 140. 142. 145. ’

160. 170. 183. 184. 185. 186. 188.
196. 201. 202. 204. 210. 212. 214.

 

