920

Vustanvn Nicolaum. §malivolus von (Usu-lla, Gesandte nach Konstanz,

Rbus->inu ΙΙΙ 403.

saw-ua. Kanslilivn

ΙΙ 71174, 269 stpug‘nu susm-na).
290. 307. 3121. 3171. 333. 343.

2386, tum.

576. 590.

ΙΙΙ 233,

323, 3111).

{V 13, 16, 201. 31. 331. 441. 75.
78. 1041. 121. 163. 178.-183.

183. 200. 213. 444. 467.
ΙΙ 716. 804. 917.

11 V 58. 79. 87.

p1·‹⁴1uli 11 337.

Vl 10. 42. 45. 55. 475.

status lv 180.

rvx (vasu-111· οἳ Legionis) Johannes

11 561. 701. 84. 93. 96. 104. 107 1.
1151. 164. 269 (Spag11ia=(fastella)
270. 275. 290. 292. 3031. 3061.
309, 311. 313 „ 316. 333 w335. 337.
343. 474 1.

111 53. 235 s. 378. 383. 391. 422. 437.
471. 4741. 4771. 4841. 4881.
4931. 504. 508. 520. 550. 555.
579...5252‚

lv 12. 20. 34. 41. 49. 52. 78. 84. 91.

142. 1861. 403. 455. 461. 463.
472. 660 (Hisl›a11i=Castella11i)
670 s.

Η 600. 776. 804. 810. 858. 885. 920.
971. 975. 988. 1152. 1164. 1178.
1180. 1216. 1218123712531255.
1257. 1260. 1263. 1337. 1341. 1343.
1364 Ὗ1366. 1380. 1383.
4⁷ puter johannis 111 489.
ἡ regina Katharina. mater et tutor
rogis
11 63. 70. 84. 96. 3064315. 335.
ΙΙΙ 378. 384. 399. 465. 4681. 4741.
477 1. 488 s. 493 f. 576.
lv 3. 201. 34. 50. 52. 1861. 461.
464. 663. 667. 669—671. 717.
Η 885. 1218. 1340 f. 1351.
infans Henricus lv 6. 96.
Η 1345. 1385.
Ι(ί”1111·;·11(’111ϊ Hos ΙΙΙ 396.
Nat 11 84. 307. 309 1.
lv 20 f. 50. 52.

magister.

396. 458. 489.

castellani
11 541. 63. 671. 72 s. 94. 96—100.
102. 104-109, 112-120. 127. 129.
1354138. 140—-142, 145 1. 160.
264. 268. 303 f. 308. 310. 313.
3164318. 3331. 336. 339. 347.
481.
ΙΙΙ 373. 378. 400. 455 f. 579. 613-615, .
619. 631. 645. 650—653. 671.
IV 1 1. 5. 7. 41 f. 44. 49. 55 f. 59—61.
66—83. 85. 87—98. 1001. 103.
105. 108. 110. 113. 115-118. 121.
124-133, 135 f. 138-140. 142 f.
185. 462. 717. 722. 736.
H 917. 920—922. 928. 940 (falseh ·
941). 941 (falsch 942). 944. 9891.
1009. 1037. 1041. 1127. 11341.
1217. 1264 (falsch 1274). 1337.
1343. 1346. 13501. 1353. 1381.
1383. 1385-1387. 1403. 1406 f.
1427 f.
castellania civitas IV 776. 790.
Castellanus ep. (Franciscus)‚ Castello
ΙΙΙ 286.
— Difizese III 357.
Castelletto IV 436.
Castellionis villa, Castell6n de Burriana
111 402. 611.
IV 178. 1911. 194. 234.
Castilione Branda de, card. presb. s.
Clementis, ,Placentinus’
ΙΙ 25. 136. 184—186. 199. 224. 235.
284. 322. ’
ΙΙΙ 41. 2241. 291 (regens cancella-
riam). 319.
IV 2. 93. 349. 502.
H 141. 168. 214. 236. 266. 271. 333.
369. 398. 456. 492. 501. 534. 590.
609. 617. 619. 630. 715. 723f.
730. 732. 738. 742. 744. 746. 748.
750. 755. 762. 764. 780. 789. 791.
793. 823. 827. 853. 861. 884. 912. ,
950. 952. 985. 997. 1019. 1105.
1192. 1219. 1326. 1334. 1354. 1362.
1366. 1380. 1384. 1402. 1427. 1433. ,
1442. 1444. 1450. 1457. 1463. 1478.
1499. 1501. 15421546. 1560.

 

